name: rl_printer
channels:
  - pytorch
  - conda-forge
  - anaconda
  - defaults
dependencies:
  - _libgcc_mutex=0.1=main
  - blas=1.0=mkl
  - bzip2=1.0.8=h516909a_3
  - ca-certificates=2020.11.8=ha878542_0
  - certifi=2020.11.8=py38h578d9bd_0
  - cudatoolkit=10.1.243=h6bb024c_0
  - cycler=0.10.0=py38_0
  - cytoolz=0.11.0=py38h7b6447c_0
  - dask-core=2.30.0=py_0
  - dbus=1.13.18=hb2f20db_0
  - decorator=4.4.2=py_0
  - expat=2.2.10=he6710b0_2
  - ffmpeg=4.3.1=h167e202_0
  - fontconfig=2.13.0=h9420a91_0
  - freetype=2.10.2=h5ab3b9f_0
  - future=0.18.2=py38h32f6830_1
  - glib=2.56.2=hd408876_0
  - gmp=6.2.0=he1b5a44_2
  - gnutls=3.6.13=h79a8f9a_0
  - gst-plugins-base=1.14.0=hbbd80ab_1
  - gstreamer=1.14.0=hb453b48_1
  - icu=58.2=he6710b0_3
  - imageio=2.9.0=py_0
  - intel-openmp=2020.2=254
  - jpeg=9b=h024ee3a_2
  - kiwisolver=1.2.0=py38hfd86e86_0
  - lame=3.100=h14c3975_1001
  - lcms2=2.11=h396b838_0
  - ld_impl_linux-64=2.33.1=h53a641e_7
  - libedit=3.1.20191231=h14c3975_1
  - libffi=3.3=he6710b0_2
  - libgcc-ng=9.1.0=hdf63c60_0
  - libgfortran-ng=7.5.0=hdf63c60_16
  - libiconv=1.16=h516909a_0
  - libpng=1.6.37=hbc83047_0
  - libstdcxx-ng=9.1.0=hdf63c60_0
  - libtiff=4.1.0=h2733197_1
  - libuuid=1.0.3=h1bed415_2
  - libxcb=1.14=h7b6447c_0
  - libxml2=2.9.10=he19cac6_1
  - lz4-c=1.9.2=he6710b0_1
  - mkl=2020.2=256
  - mkl-service=2.3.0=py38he904b0f_0
  - mkl_fft=1.2.0=py38h23d657b_0
  - mkl_random=1.1.1=py38h0573a6f_0
  - ncurses=6.2=he6710b0_1
  - nettle=3.4.1=h1bed415_1002
  - networkx=2.5=py_0
  - ninja=1.10.1=py38hfd86e86_0
  - olefile=0.46=py_0
  - openh264=2.1.1=h8b12597_0
  - openssl=1.1.1h=h516909a_0
  - pcre=8.44=he6710b0_0
  - pillow=7.2.0=py38hb39fc2d_0
  - pip=20.2.2=py38_0
  - pybind11=2.6.1=py38h82cb98a_0
  - pyglet=1.5.0=py38h32f6830_1
  - pyparsing=2.4.7=py_0
  - pyqt=5.9.2=py38h05f1152_4
  - python=3.8.5=h7579374_1
  - python-dateutil=2.8.1=py_0
  - python_abi=3.8=1_cp38
  - pytorch=1.6.0=py3.8_cuda10.1.243_cudnn7.6.3_0
  - pywavelets=1.1.1=py38h7b6447c_2
  - pyyaml=5.3.1=py38h7b6447c_1
  - qt=5.9.7=h5867ecd_1
  - readline=8.0=h7b6447c_0
  - scikit-image=0.16.2=py38h0573a6f_0
  - setuptools=49.6.0=py38_0
  - sip=4.19.24=py38he6710b0_0
  - six=1.15.0=py_0
  - sqlite=3.33.0=h62c20be_0
  - tk=8.6.10=hbc83047_0
  - toolz=0.11.1=py_0
  - torchvision=0.7.0=py38_cu101
  - tornado=6.0.4=py38h7b6447c_1
  - wheel=0.35.1=py_0
  - x264=1!152.20180806=h14c3975_0
  - xz=5.2.5=h7b6447c_0
  - yaml=0.2.5=h7b6447c_0
  - zlib=1.2.11=h7b6447c_3
  - zstd=1.4.5=h9ceee32_0
  - pip:
    - absl-py==0.10.0
    - astunparse==1.6.3
    - cachetools==4.1.1
    - chardet==3.0.4
    - click==7.1.2
    - cloudpickle==1.2.2
    - gast==0.3.3
    - google-auth==1.21.2
    - google-auth-oauthlib==0.4.1
    - google-pasta==0.2.0
    - grpcio==1.32.0
    - gym==0.15.7
    - h5py==2.10.0
    - idna==2.10
    - joblib==0.16.0
    - keras-preprocessing==1.1.2
    - markdown==3.2.2
    - matplotlib==3.3.2
    - numpy==1.18.5
    - numpy-hilbert-curve==1.0.1
    - oauthlib==3.1.0
    - opencv-python==4.4.0.42
    - opt-einsum==3.3.0
    - protobuf==3.13.0
    - pyasn1==0.4.8
    - pyasn1-modules==0.2.8
    - pybind11-global==2.6.1
    - pybullet==3.0.7
    - requests==2.24.0
    - requests-oauthlib==1.3.0
    - rsa==4.6
    - scipy==1.4.1
    - tensorboard==2.3.0
    - tensorboard-plugin-wit==1.7.0
    - tensorboardx==2.1
    - tensorflow-estimator==2.3.0
    - tensorflow-gpu==2.3.0
    - termcolor==1.1.0
    - tqdm==4.49.0
    - urllib3==1.25.10
    - werkzeug==1.0.1
    - wrapt==1.12.1
prefix: /home/<username>/anaconda3/envs/rl_printer

